cdp=1500,2000,2500,3000
tnmo=-0.006897,0.3759,0.769,1.124,1.41
vnmo=4942,5014,5479,6612,7447
tnmo=-0.006897,0.4103,0.8,1.107,1.431
vnmo=4978,4942,5551,6314,7519
tnmo=0,0.3655,0.7759,1.121,1.421
vnmo=4966,5443,5586,6421,7387
tnmo=0.003448,0.7793,1.138,1.397
vnmo=4978,5646,6433,7483
